# GIMP colorrc
# 
# This file holds a list of recently used colors.

(color-history
    (color-rgba 0.243137 0.243137 0.243137 1.000000)
    (color-rgba 0.611765 0.815686 0.941176 1.000000)
    (color-rgba 0.977094 0.983696 0.376313 1.000000)
    (color-rgba 0.924963 0.934783 0.031369 1.000000)
    (color-rgba 0.791162 0.798913 0.085789 1.000000)
    (color-rgba 0.085789 0.798913 0.217562 1.000000)
    (color-rgba 0.073534 0.456522 0.144303 1.000000)
    (color-rgba 0.456522 0.423218 0.073534 1.000000)
    (color-rgba 0.521739 0.503165 0.308141 1.000000)
    (color-rgba 1.000000 1.000000 1.000000 1.000000)
    (color-rgba 0.000000 0.000000 0.000000 1.000000)
    (color-rgba 0.047059 0.047059 0.047059 1.000000)
    (color-rgba 0.098039 0.098039 0.098039 1.000000)
    (color-rgba 0.800000 0.800000 0.800000 1.000000)
    (color-rgba 0.600000 0.600000 0.600000 1.000000)
    (color-rgba 0.400000 0.400000 0.400000 1.000000)
    (color-rgba 0.200000 0.200000 0.200000 1.000000)
    (color-rgba 0.898039 0.898039 0.898039 1.000000)
    (color-rgba 0.698039 0.698039 0.698039 1.000000)
    (color-rgba 0.498039 0.498039 0.498039 1.000000)
    (color-rgba 0.298039 0.298039 0.298039 1.000000)
    (color-rgba 0.258824 0.258824 0.258824 1.000000)
    (color-rgba 0.500000 0.500000 0.500000 1.000000)
    (color-rgba 0.005435 0.000219 0.000219 1.000000)
    (color-rgba 0.010870 0.000511 0.000511 1.000000)
    (color-rgba 0.021739 0.001167 0.001167 1.000000)
    (color-rgba 0.043478 0.002918 0.002918 1.000000)
    (color-rgba 0.059783 0.004413 0.004413 1.000000)
    (color-rgba 0.070652 0.004742 0.004742 1.000000)
    (color-rgba 0.076087 0.004596 0.004596 1.000000)
    (color-rgba 0.081522 0.004924 0.004924 1.000000)
    (color-rgba 0.065217 0.000000 0.000000 1.000000)
    (color-rgba 0.163043 0.002189 0.002189 1.000000)
    (color-rgba 0.293478 0.033484 0.033484 1.000000)
    (color-rgba 0.358696 0.057776 0.057776 1.000000)
    (color-rgba 0.440217 0.082725 0.082725 1.000000)
    (color-rgba 0.331165 0.473953 0.688136 1.000000)
    (color-rgba 0.215686 0.215686 0.215686 1.000000)
    (color-rgba 1.000000 1.000000 0.745098 1.000000))

# end of colorrc
